00 = 0 0 49 98
01 = 50 0 49 98
02 = 100 0 49 98
03 = 150 0 49 98
04 = 200 0 49 98
05 = 250 0 49 98
06 = 300 0 49 98
07 = 350 0 49 98
08 = 400 0 49 98
09 = 450 0 49 98
10 = 500 0 49 98
11 = 550 0 49 98
12 = 600 0 49 98
13 = 650 0 49 98
14 = 700 0 49 98
15 = 750 0 49 98
16 = 800 0 49 98
17 = 850 0 49 98
18 = 900 0 49 98
19 = 950 0 49 98
20 = 1000 0 49 98
21 = 1050 0 49 98
22 = 1100 0 49 98
23 = 1150 0 49 98
24 = 1200 0 49 98
25 = 1250 0 49 98
26 = 1300 0 49 98
27 = 1350 0 49 98
28 = 1400 0 49 98
29 = 1450 0 49 98
30 = 1500 0 49 98
31 = 1550 0 49 98
32 = 1600 0 49 98
33 = 1650 0 49 98
34 = 1700 0 49 98
35 = 1750 0 49 98
36 = 1800 0 49 98
37 = 1850 0 49 98
38 = 1900 0 49 98
39 = 1950 0 49 98
40 = 2000 0 49 98
41 = 2050 0 49 98
42 = 2100 0 49 98
43 = 2150 0 49 98
44 = 2200 0 49 98
45 = 2250 0 49 98
46 = 2300 0 49 98
47 = 2350 0 49 98
48 = 2400 0 49 98
49 = 2450 0 49 98
50 = 2500 0 49 98
51 = 2550 0 49 98
52 = 2600 0 49 98
53 = 2650 0 49 98
54 = 2700 0 49 98
55 = 2750 0 49 98
56 = 2800 0 49 98
57 = 2850 0 49 98
58 = 2900 0 49 98
59 = 2950 0 49 98
